[   48   288   527   728   968  1208  1448  1688  1928  2168  2408  2648
  2888  3127  3367  3607  3848  4087  4327  4567  4807  5008  5248  5488
  5768  6008  6288  6527  6807  7047  7248  7488  7728  7968  8208  8448
  8728  8968  9248  9488  9728  9968 10207 10408 10648 10887 11127 11367
 11607 11808 12048 12288 12527 12808 13088 13327 13528 13768 14008 14248
 14488 14768 15008 15247 15448 15688 15968 16208 16448 16649 16889 17128
 17367 17607 17847 18048 18288 18608 18848 19128 19368 19608 19847 20048
 20288 20568 20808 21048 21288 21528 21768 22008 22248 22488 22728 22968
 23169 23408 23648 23888 24128 24367 24568 24808 25047 25287 25527 25728
 25968 26208 26448 26688 26927 27128 27368 27608 27848 28128 28368 28608
 28848 29088 29368 29608 29848 30168 30408 30648 30888 31089 31328 31567
 31807 32047 32248 32488 32728 32968 33207 33408 33648 33888 34128 34368
 34608 34848 35088 35328 35568 35928 36168 36408 36648 36888 37089 37329
 37568 37808 38048 38287 38488 38728 38968 39208 39447 39648 39888 40128
 40368 40608 40848 41087 41288 41528 41768 42008 42209 42448 42688 42928
 43168 43408 43609 43849 44088 44328 44568 44769 45009 45288 45528 45808
 46048 46288 46527 46728 46968 47208 47528 47768 48008 48248 48488 48729
 48968 49208 49448 49688 49889 50129 50369 50608 50848 51128 51368 51608
 51809 52049 52288 52527 52728 52968 53248 53488 53728 53968 54208 54448
 54688 54928 55168 55408 55648 55849 56089 56328 56568 56808 57048 57249
 57489 57729 57968 58208 58448 58649 58889 59129 59368 59607 59808 60048
 60288 60528 60768 61008 61249 61488 61728 62008 62248 62488 62728 62929
 63209 63449 63688 63928 64168 64369 64609 64929 65169 65409 65649 65889
 66128 66328 66568 66808 67048 67288 67528 67768 68008 68248 68488 68728
 68968 69169 69408 69648 69888 70128 70329 70728 70968 71208 71409 71649
 71889 72128 72409 72648 72849 73089 73328 73568 73808 74048 74288 74528
 74768 75008 75288 75528 75729 75969 76208 76529 76769 77008 77248 77528
 77768 77969 78209 78449 78689 78928 79168]