[317 318 319 320 321 323 324 324 326 328 328 329 330 331 331 332 333 333
 334 335 335 336 336 336 336 336 336 336 337 337 337 337 338 337 337 336
 328 308 234 216 186 152 134 112 105 102  93  91  84  82  81  85  81  77
  70  69  73  77  81  87 100 109 119 136 147 159 174 184 196 207 211 221
 232 234 240 247 254 258 262 266 269 275 280 283 285 288 291 293 296 297
 299 301 303 305 306 307 309 309 311 311 312 314 315 316 316 318 319 320
 320 321 322 322 322 321 319 319 317 315 266 219 205 160 148 138 127 123
 118 115 117 127 135 136 137 142 156 163 177 186 197 206 212 222 227 235
 241 245 252 255 259 261 262 259 247 235 222 217 208 209 211 218 221 225
 232 236 245 247 253 255 263 265 267 269 265 242 215 207 199 196 193 194
 204 211 216 224 231 238 244 249 255 259 265 270 275 276 283 288 291 293
 297 299 301 305 307 309 310 313 315 317 319 320 322 322 324 326 326 327
 328 329 329 329 329 329 329 329 328 327 326 324 287 260 239 216 208 200
 194 194 201 210 217 221 226 232 236 240 248 250 253 256 260 261 268 272
 274 280 283 286 290 293 296 298 301 303 306 308 310 312 314 315 317 318
 319 321 322 322 323 324 325 326 327 327 328 328 329 330 330 330 331 331
 329 327 326 299 279 258 248 240 228 223 218 218 220 226 227 235 239 244
 247 251 256 260 264 268 271 275 277 281 284 285 290 292 296 299 301 303
 306 307 309 312 312 314 314]