[312 314 315 316 316 319 321 321 323 325 326 327 327 328 330 332 333 332
 333 334 335 336 337 337 338 338 338 339 339 339 339 338 334 290 257 211
 187 160 135 106  99  90  87  80  79  81  84  75  72  69  71  74  78  82
  93 100 109 124 140 155 163 186 197 204 214 220 231 236 239 250 257 264
 268 271 276 277 281 283 286 288 292 296 298 300 302 303 304 305 306 308
 309 310 311 312 314 315 316 316 319 319 321 321 321 320 320 318 295 244
 204 162 138 130 121 116 110 106 106 106 111 120 127 130 131 141 148 162
 170 174 192 198 206 222 224 232 242 246 251 253 255 258 258 241 232 212
 204 198 192 193 195 196 202 210 220 226 231 241 247 251 258 261 266 246
 221 206 198 193 189 183 180 185 190 207 216 227 232 239 248 257 261 265
 271 277 281 285 288 292 298 300 303 306 308 312 313 315 318 321 324 326
 327 328 329 330 331 332 333 333 334 333 334 334 334 333 322 275 243 227
 212 201 190 187 182 183 187 195 206 208 209 212 215 224 229 239 245 247
 253 256 261 266 268 268 274 280 286 288 291 294 299 300 304 305 307 310
 311 312 313 313 313 317 317 318 319 321 321 322 323 323 324 324 325 324
 325 325 325 289 254 240 223 218 212 207 204 210 214 215 220 228 230 235
 240 246 249 251 255 262 263 268 271 273 276 281 281 288 290 293 295 295
 299 300 303 304 308 309 311 312]