[   44   284   524   764  1004  1244  1484  1685  1925  2165  2405  2645
  2885  3125  3405  3645  3885  4125  4365  4605  4845  5085  5325  5565
  5805  6044  6284  6524  6764  7004  7244  7484  7724  7964  8165  8405
  8645  8885  9125  9365  9605  9845 10085 10325 10565 10805 11045 11285
 11525 11765 12005 12245 12485 12724 12964 13204 13444 13684 13964 14204
 14444 14684 14885 15125 15365 15605 15845 16085 16325 16565 16805 17085
 17325 17565 17805 18045 18285 18525 18765 19005 19245 19484 19724 19964
 20204 20484 20724 20964 21204 21405 21645 21925 22165 22405 22645 22885
 23125 23365 23605 23845 24085 24325 24565 24805 25085 25325 25565 25805
 26045 26284 26524 26764 27004 27244 27484 27724 27925 28165 28405 28645
 28885 29125 29365 29605 29845 30085 30325 30565 30805 31045 31325 31565
 31805 32045 32285 32525 32764 33004 33244 33484 33724 33964 34204 34444
 34645 34885 35125 35365 35605 35845 36085 36325 36565 36805 37045 37285
 37525 37765 38005 38245 38485 38725 38965 39205 39484 39724 39964 40204
 40444 40684 40924 41125 41365 41605 41845 42085 42325 42605 42845 43085
 43325 43565 43805 44045 44285 44525 44765 45005 45245 45525 45765 46005
 46284 46524 46764 47044 47284 47524 47725 47965 48205 48445 48685 48925
 49165 49445 49685 49925 50165 50405 50645 50885 51125 51365 51605 51845
 52085 52325 52565 52805 53044 53284 53524 53764 54004 54205 54445 54685
 54925 55165 55405 55645 55885 56125 56365 56605 56845 57085 57325 57565
 57805 58045 58285 58525 58765 59005 59245 59525 59764 60004 60244 60484
 60724 60925 61165 61405 61645 61885 62125 62365 62605 62845 63085 63325
 63565 63805 64045 64285 64525 64765 65005 65245 65485 65725 65965 66205
 66444 66684 66964 67204 67405 67645 67885 68125 68365 68605 68845 69085
 69325 69565 69805 70045 70285 70525 70765 71005 71245 71485 71725 71965
 72205 72445 72685 72964 73204 73444 73684 73925 74205 74445 74685 74965
 75205 75445 75685 75925 76165 76405 76645 76885 77125 77365 77645 77885
 78125 78365 78605 78845 79085 79325 79565]