[  169   449   729   929  1129  1609  1809  1969  2169  2608  2848  3048
  3208  3408  3848  4288  4448  4689  4849  5209  5409  5689  5969  6169
  6329  6489  6769  7209  7449  7769  7969  8249  8489  8729  8929  9248
  9488  9808 10088 10528 10888 11169 11449 11769 12049 12249 12449 12889
 13089 13249 13489 13689 13849 14009 14249 14449 14689 14969 15289 15569
 15808 16248 16528 16808 17048 17448 17688 17849 18089 18449 18729 19129
 19329 19649 19849 20009 20249 20569 20769 20969 21409 21849 22089 22329
 22648 22808 23008 23208 23408 23568 23768 24048 24369 24689 24969 25369
 25569 25809 26209 26489 26809 27129 27369 27609 27769 28049 28289 28529
 28929 29288 29528 29768 30088 30248 30608 30768 30969 31129 31289 31489
 31689 32009 32169 32449 32809 32969 33129 33369 33649 33889 34049 34569
 34769 34929 35369 35529 35729 35888 36088 36248 36648 36848 37008 37408
 37689 37969 38209 38369 38569 38769 39049 39329 39729 39969 40249 40569
 40849 41089 41329 41609 41849 42209 42369 42529 42728 42968 43208 43408
 43608 43848 44089 44529 44889 45249 45449 45729 46169 46569 46769 46969
 47249 47529 47769 48049 48249 48569 48969 49169 49448 49768 50008 50248
 50528 50809 51049 51329 51769 52089 52329 52529 52729 52969 53209 53449
 53729 53929 54129 54369 54609 54849 55089 55409 55609 55889 56088 56288
 56448 56728 57168 57329 57529 57689 57849 58089 58329 58489 58649 58929
 59249 59609 59769 60169 60489 60849 61089 61249 61449 61849 62049 62209
 62409 62768 63128 63328 63608 63809 64249 64489 64889 65049 65489 65729
 66169 66329 66489 66809 66969 67449 67609 67809 68049 68449 68689 69089
 69249 69488 69728 69968 70208 70529 70889 71089 71249 71449 71769 72009
 72329 72529 72769 72929 73209 73649 73849 74009 74209 74529 74689 74969
 75289 75529 75729 75889 76089 76448 76608 76888 77089 77289 77449 77889
 78089 78489 78689 78889 79049 79249 79489 79729 80049 80369 80649 80849
 81209 81369]