[326 325 327 329 330 331 333 335 336 338 340 341 340 343 344 346 347 348
 348 350 351 351 352 353 352 353 353 354 353 353 352 350 350 334 300 273
 217 205 162 143 123 113 103  98  90  86  78  77  80  86  84  78  72  69
  69  72  76  82  94 103 113 129 142 154 165 176 196 209 213 219 230 240
 243 252 259 263 268 276 279 285 286 290 294 296 298 303 303 303 306 311
 310 315 315 316 317 318 318 321 321 322 323 324 325 327 327 328 329 331
 331 332 332 332 330 330 327 262 250 218 188 168 145 139 125 121 113 112
 115 122 126 127 128 133 150 156 170 181 191 199 211 217 229 235 241 251
 256 262 266 269 272 248 234 219 216 213 212 204 208 210 217 224 226 235
 241 246 254 256 256 270 271 273 269 243 221 209 199 191 188 190 196 206
 211 222 228 230 242 251 255 262 266 271 278 285 289 293 300 300 307 311
 314 317 321 323 324 328 330 332 333 336 337 339 341 343 343 345 346 347
 347 349 349 349 348 348 347 345 342 310 263 238 218 202 195 189 183 182
 190 197 212 217 220 225 229 236 241 250 252 257 257 265 267 271 271 278
 280 287 288 294 297 299 302 307 308 311 313 315 318 319 320 321 323 325
 326 328 328 329 329 332 332 333 333 335 336 337 336 338 337 337 336 333
 333 323 266 251 241 228 220 212 206 207 213 217 221 226 232 238 237 244
 249 254 260 263 268 272 276 282 283 287 290 293 298 299 303 309 309 314
 316 318 320 320 321 323 325]