[   20   180   340   621  1101  1261  1501  1661  1941  2261  2501  2781
  3061  3341  3541  3741  4221  4421  4581  4781  5220  5460  5660  5820
  6020  6460  6900  7060  7301  7461  7821  8021  8301  8581  8781  8941
  9101  9381  9821 10061 10381 10581 10861 11101 11341 11541 11860 12100
 12420 12700 13140 13500 13781 14061 14381 14661 14861 15061 15501 15701
 15861 16101 16301 16461 16621 16861 17061 17301 17581 17901 18181 18420
 18860 19140 19420 19660 20060 20300 20461 20701 21061 21341 21741 21941
 22261 22461 22621 22861 23181 23381 23581 24021 24461 24701 24941 25260
 25420 25620 25820 26020 26180 26380 26660 26981 27301 27581 27981 28181
 28421 28821 29101 29421 29741 29981 30221 30381 30661 30901 31141 31541
 31900 32140 32380 32700 32860 33220 33380 33581 33741 33901 34101 34301
 34621 34781 35061 35421 35581 35741 35981 36261 36501 36661 37181 37381
 37541 37981 38141 38341 38500 38700 38860 39260 39460 39620 40020 40301
 40581 40821 40981 41181 41381 41661 41941 42341 42581 42861 43181 43461
 43701 43941 44221 44461 44821 44981 45141 45340 45580 45820 46020 46220
 46460 46701 47141 47501 47861 48061 48341 48781 49181 49381 49581 49861
 50141 50381 50661 50861 51181 51581 51781 52060 52380 52620 52860 53140
 53421 53661 53941 54381 54701 54941 55141 55341 55581 55821 56061 56341
 56541 56741 56981 57221 57461 57701 58021 58221 58501 58700 58900 59060
 59340 59780 59941 60141 60301 60461 60701 60941 61101 61261 61541 61861
 62221 62381 62781 63101 63461 63701 63861 64061 64461 64661 64821 65021
 65380 65740 65940 66220 66421 66861 67101 67501 67661 68101 68341 68781
 68941 69101 69421 69581 70061 70221 70421 70661 71061 71301 71701 71861
 72100 72340 72580 72820 73141 73501 73701 73861 74061 74381 74621 74941
 75141 75381 75541 75821 76261 76461 76621 76821 77141 77301 77581 77901
 78141 78341 78501 78701 79060 79220 79500 79701 79901 80061]