  146   386   587   867  1107  1347  1587  1826  2066  2306  2546  2786
  3026  3266  3506  3746  3986  4226  4506  4746  4986  5226  5466  5706
  5946  6186  6426  6666  6906  7107  7347  7587  7827  8067  8307  8546
  8786  9026  9266  9506  9746  9986 10226 10466 10746 10986 11226 11466
 11706 11946 12186 12426 12666 12906 13146 13386 13587 13827 14067 14307
 14547 14787 15027 15266 15506 15746 15986 16226 16466 16706 16946 17186
 17426 17666 17906 18146 18386 18626 18866 19106 19346 19586 19826 20066
 20267 20507 20747 20987 21227 21467 21707 21946 22186 22426 22666 22906
 23146 23386 23626 23866 24106 24346 24586 24826 25066 25306 25546 25786
 26066 26306 26546 26747 26987 27227 27467 27707 27947 28187 28427 28666
 28906 29146 29386 29626 29866 30106 30346 30586 30826 31066 31306 31546
 31786 32026 32266 32506 32746 32986 33226 33427 33667 33907 34147 34387
 34627 34867 35107 35346 35586 35826 36066 36306 36546 36786 37026 37266
 37506 37746 37986 38266 38506 38746 38986 39226 39466 39706 39947 40187
 40427 40667 40907 41147 41387 41627 41867 42106 42346 42586 42826 43066
 43306 43546 43786 44026 44266 44506 44746 44986 45226 45466 45706 45946
 46186 46426 46627 46867 47107 47347 47587 47827 48067 48307 48547 48786
 49026 49266 49506 49746 49986 50226 50466 50706 50946 51186 51426 51666
 51906 52146 52386 52626 52866 53107 53347 53587 53827 54067 54307 54547
 54787 55027 55267 55506 55746 55986 56226 56466 56706 56946 57186 57426
 57666 57906 58146 58386 58626 58866 59146 59386 59626 59827 60067 60307
 60547 60787 61027 61267 61507 61747 61987 62226 62466 62706 62946 63186
 63426 63666 63906 64146 64386 64626 64866 65106 65346 65586 65826 66066
 66267 66507 66747 66987 67227 67467 67707 67947 68187 68427 68667 68906
 69146 69386 69626 69866 70106 70346 70586 70826 71066 71306 71546 71786
 72026 72266 72506 72746 72947 73187 73427 73667 73907 74147 74387 74627
 74867 75107 75347 75586 75826 76066 76306 76546 76786 77026 77306 77546
 77786 78026 78266 78506 78746 78986 79226 79427 79667 79907