[312 312 313 314 316 316 318 320 321 324 325 326 327 330 331 332 334 335
 335 336 338 339 339 340 340 341 342 342 342 343 342 342 341 319 285 253
 239 198 149 137 122 110  99  96  83  80  77  80  85  84  76  74  79  87
  99 114 124 124 157 161 175 180 184 196 202 209 213 225 232 240 246 253
 261 266 270 272 279 281 284 286 290 291 294 295 297 298 300 301 303 304
 305 306 309 310 310 312 313 313 314 315 316 316 317 318 319 318 319 305
 257 214 179 153 142 131 123 121 116 116 125 127 125 130 143 156 166 183
 187 190 197 197 211 216 228 231 235 247 249 253 255 262 263 250 221 217
 212 204 204 208 208 214 219 227 227 234 242 249 254 260 262 265 265 263
 229 205 198 189 189 200 206 214 216 228 235 240 245 249 251 259 262 266
 270 274 281 287 294 295 299 302 307 311 313 316 320 320 322 325 326 329
 331 333 334 335 336 337 338 338 339 339 339 307 292 264 242 217 201 196
 193 188 190 198 210 212 224 225 228 228 236 241 248 254 256 257 257 262
 266 269 272 274 279 283 287 289 293 294 298 301 303 304 307 308 309 310
 311 314 314 316 316 318 318 320 320 321 321 323 323 323 323 324 323 323
 322 309 276 253 234 231 225 219 220 227 230 235 237 241 244 248 253 257
 259 262 265 270 275 278 280 282 286 286 290 293 295 297 298 300 304 305
 307 308 309 311]