317 318 320 321 322 323 325 326 326 327 327 329 330 331 330 331 332 332
 332 333 334 334 334 335 335 335 335 335 335 335 335 335 335 334 334 334
 323 274 228 203 180 148 132 116 106  96  88  84  79  78  77  83  85  79
  75  70  71  74  80  84  91 105 117 133 146 157 173 178 191 202 210 220
 227 234 240 245 252 257 259 267 270 275 279 283 285 288 290 292 294 297
 299 300 302 303 305 307 307 309 310 312 312 314 315 315 317 318 318 320
 320 320 321 322 322 324 324 324 324 314 277 232 208 185 156 154 134 127
 123 119 114 120 126 126 125 127 138 149 157 172 182 191 202 208 216 222
 231 239 243 248 255 259 263 265 256 236 225 216 209 206 207 213 215 215
 228 232 240 243 247 253 257 261 264 265 270 260 226 208 203 190 187 194
 198 205 214 217 227 233 238 243 248 257 261 264 271 275 279 283 287 289
 294 296 299 302 303 307 309 312 313 315 318 319 321 322 324 325 326 328
 329 329 330 330 331 331 331 332 331 332 332 332 329 298 253 232 219 202
 196 190 188 190 201 210 217 221 226 232 236 242 249 253 255 257 259 259
 259 271 276 281 284 287 290 294 297 300 302 305 307 310 311 311 315 316
 318 319 320 322 323 324 324 325 326 327 328 329 329 329 330 329 330 330
 330 331 332 332 331 302 267 252 238 232 224 219 217 221 225 226 231 235
 237 243 247 249 254 256 261 265 268 273 276 280 283 286 288 291 295 298
 300 302 306 306 308 311 311 313 313 314